0 0.64375 0.53125 0.4828125 0.71953125
0 0.0546875 0.546875 0.053125 0.090625
0 0.30625 0.4703125 0.04140625 0.05234375
0 0.92578125 0.43359375 0.03359375 0.046875
0 0.9734375 0.49609375 0.03125 0.03515625
0 0.253125 0.39140625 0.03203125 0.0703125
0 0.215625 0.39375 0.03125 0.03125
0 0.06640625 0.43828125 0.04140625 0.04765625
0 0.01484375 0.4171875 0.02734375 0.04921875
0 0.8796875 0.46640625 0.01875 0.0359375
0 0.9578125 0.396875 0.0265625 0.0421875
0 0.38203125 0.38359375 0.0296875 0.0515625
0 0.30390625 0.40234375 0.0328125 0.03515625
0 0.1390625 0.4125 0.028125 0.04765625
0 0.121875 0.4625 0.01640625 0.02734375