0 0.81953125 0.66953125 0.13671875 0.196875
0 0.51875 0.6234375 0.0890625 0.1484375
0 0.45546875 0.33671875 0.05390625 0.10703125
0 0.5203125 0.23671875 0.065625 0.0953125
0 0.30859375 0.2953125 0.065625 0.1046875
0 0.11875 0.48359375 0.08828125 0.1640625
0 0.1953125 0.42734375 0.08203125 0.14609375
0 0.35546875 0.42734375 0.115625 0.16328125
0 0.66328125 0.4796875 0.08125 0.1265625
0 0.809375 0.37578125 0.0890625 0.15390625
0 0.64296875 0.29375 0.0453125 0.084375
0 0.5890625 0.30625 0.05 0.10390625