0 0.4265625 0.34921875 0.08671875 0.1328125
0 0.6375 0.71328125 0.08515625 0.14765625
0 0.8203125 0.45625 0.06484375 0.1109375
0 0.83125 0.034375 0.03828125 0.05546875
0 0.5953125 0.115625 0.046875 0.07578125
0 0.71484375 0.178125 0.0375 0.05078125
0 0.159375 0.29921875 0.03828125 0.084375
0 0.2015625 0.49453125 0.05390625 0.0890625
0 0.2890625 0.725 0.034375 0.0421875
0 0.34921875 0.75859375 0.03515625 0.07109375
0 0.38125 0.68125 0.03828125 0.05390625
0 0.50625 0.44375 0.03984375 0.05625
0 0.609375 0.43046875 0.0578125 0.07265625
0 0.32421875 0.290625 0.06484375 0.115625
0 0.26171875 0.36640625 0.03671875 0.06015625
0 0.28203125 0.44375 0.03984375 0.0640625
0 0.72109375 0.5484375 0.0390625 0.071875
0 0.76953125 0.6203125 0.0421875 0.06875